%time,field.header.seq,field.header.stamp,field.header.frame_id,field.pose.position.x,field.pose.position.y,field.pose.position.z,field.pose.orientation.x,field.pose.orientation.y,field.pose.orientation.z,field.pose.orientation.w
334796500000,805,334795500000,fcu,-0.0500774271786,0.00131531129591,0.978236138821,0.000215002305418,-0.000110291263843,-0.735469757254,0.677557508832
335035500000,806,335034500000,fcu,-0.051066275686,0.00245810579509,0.973013043404,0.00050257310307,0.000298178605851,-0.735468394947,0.677558778664
335275500000,807,335274500000,fcu,-0.0515233017504,0.00376655906439,0.97146832943,0.000162488614559,-7.63887221232e-05,-0.735462815331,0.677565063317
335515500000,808,335514500000,fcu,-0.0518246591091,0.00549339875579,0.971954584122,7.75424678371e-06,-0.000575236970302,-0.735455478409,0.677572806657
335754500000,809,335754500000,fcu,-0.0543587803841,0.00659141829237,0.971548497677,0.00030257668167,-0.000464967729199,-0.73544966766,0.677579130871
335995500000,810,335995500000,fcu,-0.0570947602391,0.0071241222322,0.97105717659,0.000110397358233,-9.97441757686e-05,-0.735448515962,0.677580591689
336234500000,811,336234500000,fcu,-0.0589140541852,0.00753296306357,0.971498131752,-0.000430189829548,-2.50926102646e-05,-0.735443669677,0.677585731136
336473500000,812,336474500000,fcu,-0.0603430569172,0.00796843133867,0.976275980473,-0.000158358299823,-0.000440482262242,-0.735438607539,0.677591200828
336714500000,813,336714500000,fcu,-0.0615233555436,0.00825917162001,0.975404798985,-2.01691304553e-05,-0.000425182341987,-0.735432320516,0.677598052501
336955500000,814,336955500000,fcu,-0.0622416064143,0.00834527891129,0.972019314766,-0.000115793559952,-0.000258456269269,-0.735424806355,0.677606282431
337194500000,815,337194500000,fcu,-0.0626607909799,0.00832953024656,0.972656011581,-9.03432264687e-05,-0.000387137790108,-0.735417962331,0.677613652934
337435500000,816,337435500000,fcu,-0.0628600865602,0.00825872924179,0.973758101463,-0.000137314888948,-0.000329469250061,-0.735413224682,0.677618817299
337674500000,817,337674500000,fcu,-0.0628737062216,0.00826388131827,0.968687832355,-0.000214162157941,-0.000462152702782,-0.735406684498,0.677625817797
337914500000,818,337914500000,fcu,-0.0626821368933,0.00987148750573,0.963862657547,-0.000282431793601,-0.000397722222193,-0.735396866673,0.677636488493
338155500000,819,338155500000,fcu,-0.0623785071075,0.0121051054448,0.964544296265,-4.67727827055e-05,-0.000180568457182,-0.735390743193,0.677643283766
338394500000,820,338394500000,fcu,-0.0620494894683,0.0135262599215,0.968551516533,0.000249705987166,0.00010747738909,-0.735380011208,0.677654901268
338634500000,821,338634500000,fcu,-0.0608231574297,0.0143323512748,0.967852532864,0.000242319888308,-4.02059100772e-05,-0.735368145168,0.677667787885
338874500000,822,338874500000,fcu,-0.0577530637383,0.0156889278442,0.970563471317,4.4337910893e-05,-0.000146912199813,-0.735356176415,0.677680802634
339115500000,823,339114500000,fcu,-0.055357966572,0.0176937952638,0.97379130125,0.000551834405703,-0.000629189599789,-0.735334109573,0.677704247366
339355500000,824,339354500000,fcu,-0.0533522702754,0.0185166299343,0.974904239178,0.000920477943401,-0.000365557393498,-0.735310929363,0.677729190936
339595500000,825,339595500000,fcu,-0.0521900504828,0.0185985546559,0.973060965538,0.000682088144647,-0.000327697983176,-0.735288654174,0.677753659092
339835500000,826,339834500000,fcu,-0.0502598509192,0.0185293629766,0.969986379147,0.000474076612308,-0.000488107314267,-0.735262714682,0.677781880402
340075500000,827,340074500000,fcu,-0.0487279295921,0.018436267972,0.969105422497,0.000469906990221,-0.000618343722512,-0.735239911773,0.677806512933
340314500000,828,340314500000,fcu,-0.0477606914937,0.0194195136428,0.964610159397,0.000547257305246,-0.000685304088465,-0.735209470623,0.677839409575
340555500000,829,340555500000,fcu,-0.0471372529864,0.0210075173527,0.969752967358,0.000424608536334,-0.000489598107429,-0.735177223625,0.677874641703
340794500000,830,340794500000,fcu,-0.0466947369277,0.0221583303064,0.97044724226,0.000629028984508,-0.000329252504677,-0.73514280341,0.677911907632
341034500000,831,341034500000,fcu,-0.0462997220457,0.022854976356,0.966061532497,0.000550545757057,-0.000218617118533,-0.735109305694,0.677948344484
341274500000,832,341274500000,fcu,-0.0460083819926,0.0231969226152,0.963225543499,0.000558806716265,-0.000239834999778,-0.735073738483,0.677986894569
341514500000,833,341514500000,fcu,-0.0459594726563,0.0233384016901,0.967055022717,0.000579319741586,-0.000366775365326,-0.735037639947,0.678025956528
341754500000,834,341754500000,fcu,-0.0471576265991,0.0261462833732,0.967360913754,0.00052059991572,-0.000444035352925,-0.735007853633,0.678058247428
341995500000,835,341995500000,fcu,-0.0484559386969,0.0292762946337,0.968304097652,0.00047840245205,-3.08041679096e-05,-0.734974031613,0.678095084068
342235500000,836,342235500000,fcu,-0.0492231361568,0.031319629401,0.965753316879,0.00066207818034,0.000559706203752,-0.734944197734,0.678127034263
342475500000,837,342474500000,fcu,-0.0496705509722,0.0324560813606,0.968827784061,0.000692727166394,0.000377712157373,-0.734910935396,0.678163176896
342714500000,838,342714500000,fcu,-0.0500336885452,0.0332417413592,0.971256613731,0.000566696915929,6.34754598866e-05,-0.734879520444,0.678197438256
342954500000,839,342954500000,fcu,-0.0504375994205,0.0338198766112,0.972756683826,0.000589202425776,-0.000122523357627,-0.734853080135,0.678226059987
343194500000,840,343194500000,fcu,-0.0511924400926,0.0340493023396,0.970999717712,0.000662829230182,-2.35320172311e-05,-0.734824300992,0.678257183357
343435500000,841,343435500000,fcu,-0.0541491396725,0.0341941267252,0.971272170544,0.00046393650647,-7.85397256859e-05,-0.734789940603,0.678294568593
343675500000,842,343674500000,fcu,-0.056587792933,0.0343585014343,0.9700294137,9.52119720383e-05,0.000166920740336,-0.73475847356,0.67832879093
343914500000,843,343910500000,fcu,-0.0581201799214,0.0344885699451,0.97627300024,-7.51640187017e-05,0.000330293275431,-0.73472259518,0.678367594589
344154500000,844,344154500000,fcu,-0.0590198226273,0.0344574600458,0.977489113808,0.000171752968022,0.000308801943632,-0.73469227384,0.67840042593
344395500000,845,344393500000,fcu,-0.0595729127526,0.0343172848225,0.975268661976,0.000258689247374,0.00020082665662,-0.734658587252,0.678436918899
344634500000,846,344634500000,fcu,-0.0600008517504,0.034202054143,0.97399532795,0.000280451601199,-1.85606771886e-05,-0.734626590493,0.678471586394
344875500000,847,344875500000,fcu,-0.0603928379714,0.0341310165823,0.979524672031,0.000301720552053,-4.1875999972e-05,-0.73459375135,0.678507131642
345117500000,848,345114500000,fcu,-0.0606453195214,0.033995077014,0.975630640984,0.000319103828,3.70339077187e-05,-0.734556622974,0.678547319239
345355500000,849,345354500000,fcu,-0.060834556818,0.0337885171175,0.973627388477,0.000347490181737,9.41230220366e-05,-0.734519244125,0.678587761754
345595500000,850,345594500000,fcu,-0.0609229765832,0.0336141809821,0.972066938877,0.000269519847501,-1.00358956143e-05,-0.7344797761,0.678630522272
345835500000,851,345834500000,fcu,-0.060923166573,0.0334992744029,0.967214941978,0.000245818123758,-7.80336288234e-06,-0.734442076343,0.67867133136
346075500000,852,346074500000,fcu,-0.0609253682196,0.0333627872169,0.967361092567,0.000297040102864,1.85968427415e-05,-0.734405181665,0.678711235037
346315500000,853,346314500000,fcu,-0.0609415248036,0.033190779388,0.966973900795,0.00033433637874,-2.56146370236e-06,-0.734371360824,0.678747812235
346555500000,854,346554500000,fcu,-0.0582708604634,0.0331500284374,0.968473851681,0.000342272225364,1.62874192807e-05,-0.734333410779,0.678788865847
346795500000,855,346794500000,fcu,-0.0522193722427,0.0339444726706,0.970832169056,-0.00234799187093,-2.11210242814e-05,-0.734287532779,0.678834520111
347034500000,856,347034500000,fcu,-0.0396906211972,0.0283137131482,0.969160079956,1.21840214789e-05,0.0101930059535,-0.734225387981,0.67882927318
347274500000,857,347274500000,fcu,-0.0197429414839,0.0100563419983,0.969437360764,0.00291544366829,0.0160082645124,-0.734135863045,0.678807609155
347515500000,858,347515500000,fcu,0.00812716409564,-0.0155418794602,0.968214035034,0.0012549781469,0.0129069630945,-0.734109845096,0.67890689396
347754500000,859,347754500000,fcu,0.0424604937434,-0.0504041425884,0.969299614429,0.000379738765447,0.0104025882182,-0.734074756774,0.678988875774
347995500000,860,347995500000,fcu,0.0832940191031,-0.0950672850013,0.97025847435,0.00162937318595,0.0102888640233,-0.734024753904,0.679042815349
348234500000,861,348234500000,fcu,0.124851755798,-0.1414180547,0.967780292034,0.00155244592806,0.00935360730899,-0.733962800281,0.679123484902
348474500000,862,348474500000,fcu,0.173290118575,-0.193722307682,0.966617226601,0.00101036685116,0.0100032564708,-0.733889997052,0.679193923888
348715500000,863,348714500000,fcu,0.22783306241,-0.255518823862,0.96494281292,0.00155715656516,0.0103973601723,-0.733815302693,0.679267673085
348955500000,864,348955500000,fcu,0.289356321096,-0.326688379049,0.965511023998,0.00172203891041,0.00977995657449,-0.733739016568,0.679358846706
349195500000,865,349195500000,fcu,0.347398906946,-0.393629938364,0.968894481659,0.00111929495104,0.00807348548372,-0.733655276956,0.679472957965
349435500000,866,349434500000,fcu,0.412487566471,-0.467533111572,0.970597982407,0.00075798559829,0.00913620220667,-0.73355493452,0.679568328653
349675500000,867,349675500000,fcu,0.484273046255,-0.550575315952,0.968018651009,0.00163810626781,0.0107036089272,-0.733446505462,0.679660925013
349914500000,868,349915500000,fcu,0.563979744911,-0.642651677132,0.964506387711,0.00151242962809,0.00911931783648,-0.733348707901,0.679789837537
350154500000,869,350154500000,fcu,0.638880431652,-0.72994607687,0.967363476753,0.0013499908876,0.00708194340343,-0.733231375382,0.679941007557
350395500000,870,350394500000,fcu,0.714799106121,-0.820989608765,0.969695150852,0.000988035423641,0.00742733584206,-0.733109382336,0.680069475862
350638500000,871,350634500000,fcu,0.798848032951,-0.920103311539,0.96679520607,0.00104998313751,0.0103175299728,-0.732961283679,0.680191298635
350875500000,872,350874500000,fcu,0.890379846096,-1.02729141712,0.966878712177,0.000864093427252,0.00935806390603,-0.732829517162,0.680347395643
351115500000,873,351114500000,fcu,0.97695338726,-1.12941467762,0.968106389046,0.000935713614727,0.00689175083927,-0.732692732981,0.680524053393
351355500000,874,351355500000,fcu,1.06349170208,-1.23167443275,0.968463361263,0.000628978801927,0.00697524238512,-0.732540879556,0.680687013361
351594500000,875,351594500000,fcu,1.1609377861,-1.34253048897,0.970804750919,0.000994867966541,0.0105992188681,-0.732358296579,0.680836244796
351834500000,876,351834500000,fcu,1.26458930969,-1.4624465704,0.974836051464,0.00152648075063,0.00922311012205,-0.732196081534,0.681029736709
352075500000,877,352075500000,fcu,1.36456739902,-1.57866537571,0.978165626526,0.00117938277766,0.00624956889835,-0.732025430042,0.68124762144
352314500000,878,352314500000,fcu,1.46032822132,-1.68882381916,0.978023827076,0.000893183767983,0.00478881182423,-0.731838386764,0.681460817042
352555500000,879,352554500000,fcu,1.56258833408,-1.806812644,0.974360823631,0.001346120683,0.00980875328015,-0.731614368856,0.681646823217
352794500000,880,352794500000,fcu,1.67214357853,-1.93590474129,0.973750650883,0.00167899718882,0.00984587965511,-0.731404722662,0.681870494514
353035500000,881,353035500000,fcu,1.78260529041,-2.0642619133,0.968506634235,0.000763886896598,0.00661984200466,-0.73120103775,0.682129486653
353274500000,882,353275500000,fcu,1.88405692577,-2.18191218376,0.973001480103,0.000621057026404,0.0040535055337,-0.730965196603,0.682402421403
353514500000,883,353514500000,fcu,1.99147415161,-2.30633640289,0.971233785152,0.000991493189483,0.00909083374069,-0.730705701961,0.682631343263
353755500000,884,353754500000,fcu,2.1051800251,-2.4390900135,0.968455731869,0.00151733410176,0.0104333587327,-0.73044617937,0.682888879516
353994500000,885,353994500000,fcu,2.22339749336,-2.5732126236,0.968374192715,0.000852859762785,0.00695142625424,-0.73019978222,0.68319779592
354234500000,886,354234500000,fcu,2.32946181297,-2.69356536865,0.966152429581,0.00102449213145,0.00440011056666,-0.729931179426,0.683505715224
354474500000,887,354474500000,fcu,2.4395275116,-2.82052302361,0.96735316515,0.00141058126859,0.00890481821818,-0.729627532143,0.683785330942
354717500000,888,354714500000,fcu,2.55776119232,-2.95700740814,0.965651929379,0.0017549142106,0.0111967380844,-0.729319176498,0.684079741057
354955500000,889,354954500000,fcu,2.68259072304,-3.09993863106,0.964938342571,0.0009505394025,0.00793709181034,-0.729033607547,0.684431222341
355195500000,890,355195500000,fcu,2.79206395149,-3.22593283653,0.968360304832,0.000924189848847,0.00443951078892,-0.728724248302,0.684792236049
355434500000,891,355434500000,fcu,2.9042942524,-3.35927295685,0.972571492195,0.000943076577888,0.00757785683948,-0.728394475815,0.685115445961
355675500000,892,355675500000,fcu,3.02543759346,-3.50154852867,0.972806692123,0.00116230973596,0.0111199552962,-0.728034495338,0.685449319227
355914500000,893,355914500000,fcu,3.15388560295,-3.64947152138,0.970614731312,0.00016936490415,0.00790356011005,-0.727706237448,0.685843376459
356155500000,894,356154500000,fcu,3.26953125,-3.7826230526,0.970653831959,0.000362860228214,0.0045082554281,-0.727354713672,0.686246795595
356395500000,895,356395500000,fcu,3.38631868362,-3.91608953476,0.967694282532,0.000649846328441,0.00622288085094,-0.726989425489,0.686620148759
356635500000,896,356634500000,fcu,3.50980830193,-4.05847930908,0.969874620438,0.00139581909715,0.010854364988,-0.726585876469,0.686988499587
356874500000,897,356874500000,fcu,3.63801026344,-4.20748090744,0.969723045826,0.00124440329647,0.00885017134579,-0.726208602039,0.687416316545
357114500000,898,357114500000,fcu,3.75760531425,-4.34436035156,0.965437471867,5.03694866156e-05,0.00538861628226,-0.72581931459,0.687864291009
357354500000,899,357354500000,fcu,3.87435626984,-4.47661018372,0.966948270798,2.95029433271e-05,0.00580994899076,-0.725406677293,0.688296009113
357595500000,900,357592500000,fcu,4.00115060806,-4.62002897263,0.969442725182,0.00123514289385,0.0114437206474,-0.724957063886,0.688697880933
357835500000,901,357835500000,fcu,4.13444185257,-4.77150201797,0.971304178238,0.00156437248717,0.00974718397647,-0.724539508235,0.689162568739
358075500000,902,358074500000,fcu,4.26139831543,-4.91526317596,0.970006227493,0.000512471096663,0.00536981226301,-0.724109569203,0.689663856004
358315500000,903,358314500000,fcu,4.38158798218,-5.049264431,0.964571833611,6.66393082889e-05,0.00414006035163,-0.723654807267,0.690149676069
358554500000,904,358554500000,fcu,4.50804185867,-5.19022941589,0.966715931892,0.00117916745083,0.0103220052826,-0.72316138456,0.69060095399
358795500000,905,358794500000,fcu,4.64061641693,-5.34072685242,0.965176939964,0.00190747576786,0.0104902326405,-0.722681059351,0.691099416156
359035500000,906,359034500000,fcu,4.75921678543,-5.48903942108,0.968084931374,0.00919359728351,-0.00238111432303,-0.722229739549,0.691588035881
359275500000,907,359274500000,fcu,4.84771728516,-5.62456703186,0.973241746426,0.0154167495356,-0.010782730022,-0.721642654563,0.692010069061
359514500000,908,359514500000,fcu,4.92613315582,-5.76672363281,0.97178030014,0.0139393094983,-0.00285282759697,-0.721101126854,0.692683709838
359755500000,909,359755500000,fcu,4.99491214752,-5.91568374634,0.969020426273,0.0128487454016,-0.00117955037731,-0.720559564552,0.693272985436
359995500000,910,359994500000,fcu,5.05122900009,-6.06556367874,0.967406570911,0.0106932237803,-0.00407310658647,-0.720054329278,0.69382334038
360234500000,911,360234500000,fcu,5.09073114395,-6.1988286972,0.969690740108,0.00951874823866,-0.00581400548285,-0.719533274768,0.694368387295
360474500000,912,360469500000,fcu,5.12124872208,-6.33829784393,0.97125262022,0.0105992954371,-0.00190084392919,-0.718971626786,0.694955999762
360715500000,913,360714500000,fcu,5.14172935486,-6.48545122147,0.971413552761,0.012182753368,-8.48184408748e-05,-0.718415031446,0.695508027214
360955500000,914,360955500000,fcu,5.15162706375,-6.63719081879,0.971177875996,0.00999741217668,-0.00221805270651,-0.717923944899,0.696046220687
361194500000,915,361194500000,fcu,5.15300416946,-6.76872348785,0.968521118164,0.00786910051987,-0.00414208866381,-0.717441438348,0.696562059618
361435500000,916,361434500000,fcu,5.15775728226,-6.90403032303,0.973074376583,-0.00010421061714,0.00778081631214,-0.71693593554,0.697095626416
361674500000,917,361674500000,fcu,5.17476272583,-7.04892063141,0.97176194191,-0.00328163532524,0.0158988078163,-0.716373528488,0.697528082919
361914500000,918,361914500000,fcu,5.20069360733,-7.20123100281,0.971531271935,-0.00299489001834,0.0120477902995,-0.715928319928,0.698063408371
362155500000,919,362155500000,fcu,5.23004007339,-7.33838844299,0.969066977501,-0.00365007505669,0.00845790141554,-0.715475397467,0.698577194357
362394500000,920,362394500000,fcu,5.26665401459,-7.47342681885,0.972618341446,-0.00299175627764,0.00859373809872,-0.715036425372,0.699027973297
362634500000,921,362641500000,fcu,5.31030845642,-7.61931753159,0.967186272144,0.000423446312259,0.012026913236,-0.714599021144,0.699430777869
362875500000,922,362874500000,fcu,5.36241912842,-7.77215194702,0.970225930214,-0.000183716649758,0.0108051865362,-0.714163951873,0.699895037871
363114500000,923,363114500000,fcu,5.41552209854,-7.91253232956,0.970327377319,-0.00218412350928,0.00713511039755,-0.713726480917,0.700384772994
363354500000,924,363354500000,fcu,5.47108697891,-8.04803752899,0.973507761955,-0.00236062378083,0.00685255629274,-0.713292042172,0.700829460356
363594500000,925,363594500000,fcu,5.53477478027,-8.1912689209,0.969276607037,0.000486423652531,0.0118925632061,-0.712844096925,0.701221522639
363835500000,926,363834500000,fcu,5.60662651062,-8.34493923187,0.972373068333,0.000717036981132,0.0112916314128,-0.712402883539,0.701679496952
364075500000,927,364074500000,fcu,5.67919874191,-8.49106216431,0.975580751896,-0.00158983138976,0.00749199147989,-0.711956252452,0.702182054096
364314500000,928,364314500000,fcu,5.75112485886,-8.62720966339,0.976292014122,-0.00256355969629,0.0055932469539,-0.711500876018,0.702658271976
364554500000,929,364554500000,fcu,5.83175611496,-8.77003479004,0.975007474422,-0.00023253163759,0.0110314023757,-0.711027645927,0.703077478532
364794500000,930,364794500000,fcu,5.92011356354,-8.92154312134,0.975634455681,0.00054171399228,0.0113373460349,-0.71055280844,0.703552327513
365038500000,931,365038500000,fcu,6.01251554489,-9.07219982147,0.973768889904,-0.000916150296881,0.00773459362379,-0.710079531328,0.704078401827
365275500000,932,365274500000,fcu,6.10010814667,-9.209400177,0.97211509943,-0.00185181082852,0.00505624690085,-0.709580236975,0.704604067869
365514500000,933,365514500000,fcu,6.1950340271,-9.35186386108,0.969057321548,-0.000583524572982,0.00952387241538,-0.70906160769,0.705081975272
365755500000,934,365754500000,fcu,6.29719591141,-9.50160503387,0.967092752457,0.000858837679397,0.0109942997845,-0.708541107833,0.705583365933
365995500000,935,365995500000,fcu,6.40459108353,-9.65586090088,0.967214107513,-0.000247907269487,0.00763391822499,-0.708016159147,0.706154926501
366234500000,936,366234500000,fcu,6.50282764435,-9.792760849,0.966944992542,-0.00163094493552,0.00475338878739,-0.707465701256,0.706729811781
366474500000,937,366474500000,fcu,6.60750484467,-9.93329524994,0.971169829369,0.00090588778303,-0.00848008601805,0.706901515754,-0.707260570465
366714500000,938,366714500000,fcu,6.72034645081,-10.082531929,0.970652580261,-0.000833449121958,-0.0110272434093,0.706317730538,-0.707808567901
366955500000,939,366954500000,fcu,6.8398399353,-10.2381639481,0.971388459206,-0.000428784511245,-0.00805283846585,0.705738428255,-0.708426593813
367194500000,940,367194500000,fcu,6.94614076614,-10.3733463287,0.97345083952,0.00110316863837,-0.00449390141288,0.705131071936,-0.709061886763
367435500000,941,367435500000,fcu,7.05751609802,-10.5123147964,0.973127186298,0.00117501279368,-0.00744795852886,0.704511208396,-0.709652805605
367680500000,942,367674500000,fcu,7.17670106888,-10.6592187881,0.966066718102,-0.00100098982155,-0.0112522231239,0.703866474155,-0.710242474128
367914500000,943,367914500000,fcu,7.30378913879,-10.8142080307,0.962763488293,-0.000653960246484,-0.00888889260235,0.703231599159,-0.710904971053
368155500000,944,368155500000,fcu,7.41977596283,-10.9534702301,0.965137779713,0.00107106767391,-0.00484891547466,0.702562350129,-0.711604865789
368395500000,945,368395500000,fcu,7.53795337677,-11.0919303894,0.964984714985,0.0017494382634,-0.00565434541023,0.701882118824,-0.712268530204
368634500000,946,368634500000,fcu,7.66321372986,-11.2373466492,0.968315839767,-0.000506642653024,-0.0104835033548,0.701168139859,-0.712918704424
368874500000,947,368874500000,fcu,7.79412412643,-11.3895664215,0.968084394932,-0.00110300884401,-0.00880371025289,0.700461911091,-0.713634632825
369116500000,948,369114500000,fcu,7.91793870926,-11.5304260254,0.965860426426,0.000739501190427,-0.00553063415014,0.699731139714,-0.714384488451
369354500000,949,369354500000,fcu,8.03748607635,-11.66447258,0.966990828514,0.00148389334981,-0.00474291400757,0.698986846086,-0.715117257397
369595500000,950,369594500000,fcu,8.16488647461,-11.8079929352,0.965174257755,-0.000441860980668,-0.0105838789076,0.698209088051,-0.715815517874
369835500000,951,369835500000,fcu,8.30025196075,-11.9579572678,0.968074977398,-0.00106336616005,-0.0100908226114,0.697431982606,-0.716579147191
370074500000,952,370074500000,fcu,8.42939186096,-12.0986156464,0.965518712997,0.00065525351914,-0.00572637124775,0.696643385645,-0.717394433037
370314500000,953,370315500000,fcu,8.55266475677,-12.2289028168,0.969018161297,0.00146211086593,-0.00439231523964,0.695831003415,-0.718190632412
370555500000,954,370554500000,fcu,8.68327903748,-12.3693361282,0.967430472374,-0.000242093676409,-0.0110715846873,0.69498038987,-0.718943404656
370794500000,955,370794500000,fcu,8.82131576538,-12.5192890167,0.966239869595,-0.00146171888895,-0.0107620118199,0.694131089258,-0.719766679838
371034500000,956,371034500000,fcu,8.85350990295,-12.6655893326,0.972410798073,0.000602704037285,-0.00539903783095,0.693237773778,-0.720688473715
371275500000,957,371274500000,fcu,8.87373542786,-12.8490400314,0.969303190708,0.00626306609553,-0.0208534551777,0.689011534699,-0.724423227445
371514500000,958,371514500000,fcu,8.97527694702,-13.019317627,0.965965509415,0.0579248919322,-0.054966272976,0.681414037934,-0.727528916701
371754500000,959,371754500000,fcu,9.11345005035,-13.1730709076,0.967045903206,0.0476050330111,-0.0292176700111,0.677206448115,-0.733669895268
371994500000,960,371994500000,fcu,9.27388954163,-13.3162527084,0.965297579765,0.0267052888425,-0.0169003512085,0.673420593061,-0.73858371937
372235500000,961,372234500000,fcu,9.4268655777,-13.4399785995,0.968384802341,0.0139556290708,-0.0119471906929,0.669261634454,-0.742799683427
372474500000,962,372474500000,fcu,9.59602165222,-13.5630130768,0.971512973309,0.00945494805704,-0.0121780384133,0.664957125468,-0.746722385246
372718500000,963,372715500000,fcu,9.77837562561,-13.6890764236,0.967411220074,0.0042690248878,-0.0114847983978,0.660645670179,-0.750597877233
372954500000,964,372954500000,fcu,9.96836948395,-13.8185157776,0.968156337738,0.000900542774737,-0.00609664411703,0.656299454315,-0.754475345004
373195500000,965,373194500000,fcu,10.1318922043,-13.9303207397,0.971587002277,6.2529831803e-05,-0.00198106806073,0.651898264843,-0.758303846591
373435500000,966,373434500000,fcu,10.2985343933,-14.0440273285,0.975031137466,0.000234529747772,-0.00541831258411,0.647518822488,-0.762030157808
373674500000,967,373674500000,fcu,10.4725236893,-14.1662960052,0.97266036272,-0.00318589499568,-0.0104791320247,0.643128116703,-0.765680261839
373915500000,968,373915500000,fcu,10.6498613358,-14.2951040268,0.969632863998,-0.00396524114403,-0.00710041906451,0.638777101079,-0.769348864982
374155500000,969,374154500000,fcu,10.8069162369,-14.4097251892,0.970649659634,-0.00122571602497,-0.00336352500072,0.634415703847,-0.772983763757
374394500000,970,374395500000,fcu,10.9619598389,-14.5255203247,0.968591213226,0.000167333190009,-0.00574486210214,0.630062259812,-0.77652335272
374635500000,971,374635500000,fcu,11.1258192062,-14.6518754959,0.966385543346,-0.00249391418275,-0.0118140555426,0.625690509332,-0.779977945211
374874500000,972,374874500000,fcu,11.2949609756,-14.785279274,0.965533554554,-0.00273558017626,-0.00887839663134,0.621376408778,-0.783457113879
375114500000,973,375114500000,fcu,11.4436922073,-14.910326004,0.965121507645,-0.00703382958526,-0.000879917456537,0.617072720366,-0.786874201361
375355500000,974,375354500000,fcu,11.5780525208,-15.034529686,0.967997968197,-0.00787642892922,0.0010556724383,0.612768830209,-0.790222252374
375595500000,975,375594500000,fcu,11.7156658173,-15.1713294983,0.973703801632,-0.00972288283764,-0.00699644292405,0.608391673867,-0.793546524474
375835500000,976,375834500000,fcu,11.852139473,-15.3191022873,0.973997414112,-0.00982913157332,-0.00587911046377,0.604108911382,-0.796819457231
376074500000,977,376074500000,fcu,11.9765119553,-15.4635038376,0.972862064838,-0.00648376955282,-0.00155024663219,0.599873401233,-0.800067159657
376316500000,978,376313500000,fcu,12.0883207321,-15.6026382446,0.970302343369,-0.00679124553978,-0.00304616276445,0.595605834372,-0.803242360648
376555500000,979,376554500000,fcu,12.2005634308,-15.7501182556,0.972057402134,-0.00669183983469,-0.00663055409916,0.591360578225,-0.806352231691
376794500000,980,376795500000,fcu,12.3132610321,-15.9102640152,0.970087528229,-0.00712102634119,-0.00617064491277,0.587169055698,-0.809409484844
377035500000,981,377034500000,fcu,12.4187994003,-16.0659351349,0.972233474255,-0.00289657192381,-0.00117806043411,0.583020365362,-0.812451522011
377274500000,982,377274500000,fcu,12.5155744553,-16.2040309906,0.974062919617,0.000997637129428,-0.000542286065098,0.578883827344,-0.815409237797
377515500000,983,377515500000,fcu,12.6218519211,-16.3471126556,0.970540821552,0.0038784476504,-0.0119788131403,0.574783111567,-0.818208922181
377755500000,984,377755500000,fcu,12.7316455841,-16.5011672974,0.968940734863,-0.00617428325642,-0.00948255839295,0.57080434965,-0.821008132562
377995500000,985,377994500000,fcu,12.8360776901,-16.6544303894,0.967704176903,-0.00400756939037,9.47779056623e-05,0.566808421614,-0.823839877399
378234500000,986,378234500000,fcu,12.9284009933,-16.7859554291,0.967286646366,0.00189595501255,0.00124116140141,0.562782546642,-0.826601881239
378474500000,987,378474500000,fcu,13.0318632126,-16.9219112396,0.972932696342,0.00494428486874,-0.010935950052,0.558815826182,-0.829204939356
378715500000,988,378714500000,fcu,13.1406879425,-17.0679225922,0.970258116722,-0.00387188930848,-0.011941924088,0.554930980071,-0.831801662826
378954500000,989,378954500000,fcu,13.2485723495,-17.2192249298,0.970673441887,-0.00461601407814,-0.000737737914692,0.551051723279,-0.834457995604
379195500000,990,379195500000,fcu,13.3436059952,-17.3510036469,0.975692331791,-0.0014438028884,-0.00407385797969,0.547094950231,-0.837059397263
379435500000,991,379435500000,fcu,13.4435892105,-17.4868068695,0.97648537159,0.000985946938595,-0.00787146368695,0.54318239675,-0.839577245898
379674500000,992,379674500000,fcu,13.5472259521,-17.6360397339,0.976154267788,-0.00777205878929,-0.0105388397102,0.539320263549,-0.841998920003
379915500000,993,379914500000,fcu,13.6391658783,-17.7809734344,0.977069020271,-0.00419405455417,0.0100862085044,0.535604701249,-0.844398177582
380154500000,994,380154500000,fcu,13.6978693008,-17.8686256409,0.976485729218,0.0217745359088,0.0397859217052,0.531654073842,-0.845746354286
380395500000,995,380395500000,fcu,13.7461938858,-17.9294567108,0.978061974049,0.0204321887565,0.0257737089973,0.528418231629,-0.848346871315
380634500000,996,380634500000,fcu,13.7887277603,-17.988779068,0.980547249317,0.000199210471834,0.00525997250077,0.524901377371,-0.851146777611
380874500000,997,380874500000,fcu,13.8200502396,-18.0411968231,0.975915968418,-0.00185472948613,0.00882881652726,0.521196147448,-0.853389235849
381115500000,998,381115500000,fcu,13.8390693665,-18.0773906708,0.971073687077,0.00547426494474,0.0130023972318,0.517585054116,-0.855515448046
381355500000,999,381354500000,fcu,13.8530244827,-18.1032180786,0.974075853825,0.00538860358497,0.00744033455932,0.514045850948,-0.857713511317
381595500000,1000,381594500000,fcu,13.8623390198,-18.1242713928,0.974080383778,0.000830265777012,0.00230756403212,0.510506864657,-0.859870180286
381835500000,1001,381834500000,fcu,13.8666133881,-18.141702652,0.97435760498,0.000738184063416,0.00295985123213,0.506996981643,-0.861942431355
382074500000,1002,382074500000,fcu,13.8674592972,-18.1531238556,0.977823495865,0.00245775771864,0.003133548295,0.503545852668,-0.8639593246
382314500000,1003,382314500000,fcu,13.8673305511,-18.1599769592,0.977694511414,0.00249118206962,0.0011569279405,0.500144969939,-0.865937332937
382555500000,1004,382555500000,fcu,13.8664550781,-18.1647529602,0.978299736977,0.00139054691842,5.82819960069e-05,0.496782806785,-0.867873784525
382795500000,1005,382794500000,fcu,13.8649139404,-18.1668605804,0.976451277733,0.00131070545624,0.000184736017622,0.493471657727,-0.869760869977
383034500000,1006,383035500000,fcu,13.8616828918,-18.166431427,0.975188851357,0.00180132189688,0.00023318521388,0.490199713055,-0.871608250411
383274500000,1007,383274500000,fcu,13.8591766357,-18.1641464233,0.977870285511,0.00188711887454,-0.000440664181705,0.486970254958,-0.873416404348
383515500000,1008,383514500000,fcu,13.8576755524,-18.1595973969,0.976921141148,0.00130784616125,-0.00106154900684,0.483800027008,-0.875176951547
383756500000,1009,383755500000,fcu,13.8555698395,-18.1537895203,0.972000420094,0.000771873470031,-0.000964832547656,0.480668692806,-0.876901408977
383994500000,1010,383994500000,fcu,13.8519506454,-18.1464500427,0.96819460392,0.000732030190828,-0.000734093943159,0.477580810332,-0.878587215273
